1.000000000000000000e+00 2.277316461809859138e+00 3.027651006744854545e+00 2.999999999999999889e-01
2.000000000000000000e+00 3.023056359546266503e+00 3.283269564394930562e+00 4.799999999999999822e-01
2.000000000000000000e+00 2.141596019528250849e+00 3.137550209581605021e+00 6.400000000000000133e-01
2.000000000000000000e+00 1.796239678670056739e+00 2.834378737678102222e+00 8.000000000000000444e-01
1.000000000000000000e+00 2.508740673113132758e+00 3.049318678949926475e+00 8.999999999999999112e-01
2.000000000000000000e+00 2.042533683312411252e+00 2.595872322123198739e+00 9.600000000000000755e-01
1.000000000000000000e+00 1.907542432792372011e+00 3.054303008182881918e+00 1.199999999999999956e+00
2.000000000000000000e+00 2.945417667991973687e+00 3.035574568007262553e+00 1.280000000000000027e+00
2.000000000000000000e+00 3.167181249800804288e+00 2.417949144054902355e+00 1.439999999999999947e+00
1.000000000000000000e+00 2.578700416710760557e+00 3.118490646522992904e+00 1.500000000000000000e+00
2.000000000000000000e+00 2.579493637984483279e+00 3.421699075008025837e+00 1.599999999999999867e+00
2.000000000000000000e+00 2.249632965170567989e+00 2.495778283274757037e+00 1.760000000000000009e+00
1.000000000000000000e+00 2.622492553406917004e+00 3.332676141866216746e+00 1.800000000000000044e+00
2.000000000000000000e+00 2.627932930959498758e+00 3.015332081868585590e+00 2.080000000000000071e+00
1.000000000000000000e+00 2.283103303070511014e+00 3.455871276524667302e+00 2.099999999999999645e+00
1.000000000000000000e+00 2.452583712730032062e+00 3.057583743416100397e+00 2.399999999999999911e+00
2.000000000000000000e+00 1.710069344042223882e+00 3.264835053678572407e+00 2.560000000000000053e+00
1.000000000000000000e+00 2.969672240871473079e+00 3.367859851999547516e+00 2.699999999999999734e+00
2.000000000000000000e+00 2.888828986416428712e+00 2.908444629852259045e+00 2.720000000000000195e+00
2.000000000000000000e+00 2.411396717898692810e+00 3.464686668073760245e+00 2.880000000000000338e+00
1.000000000000000000e+00 2.536200802571714430e+00 2.928046823325624270e+00 2.999999999999999556e+00
2.000000000000000000e+00 2.244092269828902531e+00 2.879782867974349791e+00 3.040000000000000036e+00
2.000000000000000000e+00 2.592897421179559903e+00 3.678866798333618959e+00 3.200000000000000178e+00
1.000000000000000000e+00 2.643724929835627346e+00 3.311056060869945306e+00 3.299999999999999822e+00
2.000000000000000000e+00 3.348138717803272435e+00 3.437539613365484303e+00 3.360000000000000320e+00
2.000000000000000000e+00 3.794884869396795146e+00 2.931246701298248158e+00 3.520000000000000018e+00
1.000000000000000000e+00 2.791679113852195471e+00 3.206832734246417793e+00 3.599999999999999645e+00
1.000000000000000000e+00 2.780543269327480971e+00 3.176900419866893088e+00 3.899999999999999467e+00
2.000000000000000000e+00 2.734719984663761760e+00 3.154747763789856663e+00 4.000000000000000000e+00
1.000000000000000000e+00 3.126911664102472344e+00 3.316042056163476914e+00 4.200000000000000178e+00
2.000000000000000000e+00 2.373497830028103550e+00 3.667772976128711893e+00 4.480000000000000426e+00
1.000000000000000000e+00 2.891722963430015447e+00 2.922440588603000045e+00 4.500000000000000000e+00
1.000000000000000000e+00 2.942946863247523748e+00 3.020767875020744953e+00 4.799999999999999822e+00
2.000000000000000000e+00 3.071939674425489208e+00 2.407899075990210580e+00 4.799999999999999822e+00
1.000000000000000000e+00 2.573896274949704299e+00 2.766450746753773338e+00 5.099999999999999645e+00
2.000000000000000000e+00 2.474213621931392826e+00 3.034842256329722598e+00 5.280000000000000249e+00
1.000000000000000000e+00 2.966006723792850241e+00 2.962064072180901508e+00 5.399999999999999467e+00
2.000000000000000000e+00 2.554554243815913672e+00 2.354260655314981854e+00 5.440000000000000391e+00
2.000000000000000000e+00 3.209692299481137656e+00 2.403757889194731767e+00 5.600000000000000533e+00
1.000000000000000000e+00 2.693874376848373942e+00 3.423504327396704294e+00 5.699999999999999289e+00
2.000000000000000000e+00 3.118294932959748245e+00 3.472846168386900967e+00 5.919999999999999929e+00
1.000000000000000000e+00 2.802226552105009816e+00 3.007453361608934728e+00 6.000000000000000000e+00
2.000000000000000000e+00 2.836392195020354112e+00 3.455762975799995473e+00 6.240000000000000213e+00
1.000000000000000000e+00 3.345422223794247252e+00 3.184245985832593107e+00 6.299999999999999822e+00
2.000000000000000000e+00 2.371362910808367808e+00 3.934459008849185313e+00 6.400000000000000355e+00
2.000000000000000000e+00 2.103802146749903734e+00 3.090943402597271739e+00 6.560000000000000497e+00
1.000000000000000000e+00 2.703419574952711457e+00 2.894272742806614396e+00 6.599999999999999645e+00
2.000000000000000000e+00 2.095138547872496648e+00 2.984023833731850317e+00 6.720000000000000639e+00
2.000000000000000000e+00 3.786379321297351996e+00 2.718226685277474797e+00 6.879999999999999893e+00
1.000000000000000000e+00 2.993626165632197189e+00 3.136260110103883392e+00 6.899999999999999467e+00
1.000000000000000000e+00 2.725257568847661904e+00 3.278851674472343714e+00 7.199999999999999289e+00
2.000000000000000000e+00 3.050774239511227837e+00 3.152384947662011605e+00 7.200000000000000178e+00
1.000000000000000000e+00 3.172746425276039339e+00 2.917400908055914233e+00 7.499999999999999112e+00
2.000000000000000000e+00 2.811743472016080325e+00 2.396314468054757896e+00 7.520000000000000462e+00
1.000000000000000000e+00 3.105754565052353477e+00 3.372174763556675892e+00 7.799999999999999822e+00
2.000000000000000000e+00 3.148559479677820683e+00 2.837330215147548351e+00 7.839999999999999858e+00
1.000000000000000000e+00 3.467134320940839842e+00 3.022913177940384610e+00 8.099999999999999645e+00
2.000000000000000000e+00 2.568883074990378823e+00 3.661211875613502365e+00 8.320000000000000284e+00
1.000000000000000000e+00 3.203330016941452918e+00 3.245647423731433445e+00 8.400000000000000355e+00
1.000000000000000000e+00 3.268987851101877951e+00 3.018588940785017272e+00 8.700000000000001066e+00
2.000000000000000000e+00 3.536556094794633953e+00 3.026226456792552533e+00 8.960000000000000853e+00
1.000000000000000000e+00 3.575967409504627437e+00 3.279133706536708992e+00 9.000000000000000000e+00
2.000000000000000000e+00 3.046274960561828671e+00 2.743579525904740635e+00 9.280000000000001137e+00
1.000000000000000000e+00 3.001254606293191074e+00 3.468637920396592023e+00 9.300000000000000711e+00
2.000000000000000000e+00 3.346626304317296796e+00 1.929564721609144495e+00 9.439999999999999503e+00
1.000000000000000000e+00 3.609659665975254228e+00 3.034336426557392663e+00 9.599999999999999645e+00
2.000000000000000000e+00 3.562183389746527595e+00 3.214974853196446603e+00 9.599999999999999645e+00
1.000000000000000000e+00 3.732057784914045495e+00 2.977878617125814475e+00 9.900000000000000355e+00
1.000000000000000000e+00 4.007876547303409254e+00 3.229315653552867094e+00 1.020000000000000107e+01
2.000000000000000000e+00 3.326172570631224623e+00 2.810230795047050201e+00 1.040000000000000036e+01
1.000000000000000000e+00 3.772647609298497517e+00 2.925545086106411397e+00 1.050000000000000000e+01
2.000000000000000000e+00 3.778284824817421672e+00 2.645600019124413116e+00 1.072000000000000064e+01
1.000000000000000000e+00 3.692213630665944546e+00 3.317028192510116824e+00 1.080000000000000071e+01
1.000000000000000000e+00 3.526906117244302141e+00 2.663597449141897222e+00 1.109999999999999964e+01
2.000000000000000000e+00 3.099777683825336805e+00 3.537149079753040049e+00 1.120000000000000107e+01
2.000000000000000000e+00 3.969249028425085868e+00 3.251166906225204656e+00 1.136000000000000121e+01
1.000000000000000000e+00 4.085144952984459010e+00 3.100139941789629816e+00 1.140000000000000036e+01
2.000000000000000000e+00 3.978580156255092870e+00 2.544528412908374726e+00 1.151999999999999957e+01
1.000000000000000000e+00 3.420159284025303670e+00 2.749616982697876910e+00 1.170000000000000107e+01
2.000000000000000000e+00 4.970216998165149391e+00 2.496830606205286074e+00 1.200000000000000000e+01
1.000000000000000000e+00 3.948465872765121176e+00 2.828974054406722338e+00 1.200000000000000000e+01
1.000000000000000000e+00 4.291297265679942186e+00 3.170397573087703869e+00 1.230000000000000071e+01
2.000000000000000000e+00 3.917723130618538274e+00 3.508859448149012739e+00 1.232000000000000028e+01
2.000000000000000000e+00 4.090170973681603428e+00 3.129637000300852456e+00 1.248000000000000043e+01
1.000000000000000000e+00 4.153917612824088224e+00 3.006153379665864378e+00 1.259999999999999964e+01
2.000000000000000000e+00 4.062757586282453204e+00 3.583036556853074206e+00 1.264000000000000057e+01
1.000000000000000000e+00 4.045623760135499403e+00 3.124198548919661533e+00 1.290000000000000036e+01
2.000000000000000000e+00 3.688594912698972550e+00 2.781889627048820479e+00 1.296000000000000085e+01
2.000000000000000000e+00 3.822095731100503713e+00 2.265955268627029895e+00 1.312000000000000099e+01
1.000000000000000000e+00 4.487464922325512084e+00 3.346782054913092885e+00 1.320000000000000107e+01
2.000000000000000000e+00 4.665703183690417255e+00 2.834035888130425285e+00 1.344000000000000128e+01
1.000000000000000000e+00 4.576544139382079379e+00 3.085504966952147488e+00 1.350000000000000000e+01
2.000000000000000000e+00 4.580063305326216749e+00 3.134492255530137328e+00 1.359999999999999964e+01
1.000000000000000000e+00 4.559314340433187951e+00 3.111693851206493555e+00 1.380000000000000071e+01
2.000000000000000000e+00 4.312712627386076747e+00 2.910234376078026042e+00 1.391999999999999993e+01
2.000000000000000000e+00 5.349676854120749780e+00 3.148960587071408135e+00 1.408000000000000007e+01
1.000000000000000000e+00 4.693473456678385780e+00 3.308774465048418989e+00 1.409999999999999964e+01
2.000000000000000000e+00 3.712627250193077710e+00 3.230058830102407796e+00 1.424000000000000021e+01
2.000000000000000000e+00 5.316839852749303041e+00 3.660483462832083479e+00 1.440000000000000036e+01
1.000000000000000000e+00 4.675769080742993467e+00 2.788415007175584215e+00 1.469999999999999929e+01
1.000000000000000000e+00 4.883039821547342285e+00 2.947464956283920134e+00 1.500000000000000000e+01
2.000000000000000000e+00 4.539242358607905814e+00 3.612169175859503145e+00 1.504000000000000092e+01
2.000000000000000000e+00 4.763324699921014371e+00 3.470457937476291388e+00 1.520000000000000107e+01
1.000000000000000000e+00 4.537667837170214824e+00 2.862192702873316286e+00 1.530000000000000071e+01
2.000000000000000000e+00 5.025181617518311050e+00 3.411021155064557053e+00 1.536000000000000121e+01
1.000000000000000000e+00 5.124208531165079350e+00 3.305719564072767014e+00 1.559999999999999964e+01
2.000000000000000000e+00 5.199678751643439512e+00 2.987130220840231054e+00 1.567999999999999972e+01
2.000000000000000000e+00 5.081173371853931364e+00 2.722623811300752372e+00 1.583999999999999986e+01
1.000000000000000000e+00 4.867936667907354575e+00 2.686945023717222547e+00 1.590000000000000036e+01
2.000000000000000000e+00 5.022798774982272896e+00 3.191939465394916908e+00 1.600000000000000000e+01
2.000000000000000000e+00 4.822948325268888503e+00 2.870502860538379331e+00 1.616000000000000014e+01
1.000000000000000000e+00 5.134479653616939032e+00 3.359721494456664459e+00 1.619999999999999929e+01
1.000000000000000000e+00 5.396966234862459189e+00 3.129410711754499808e+00 1.650000000000000000e+01
2.000000000000000000e+00 5.184328981357724686e+00 4.253882122237198082e+00 1.680000000000000071e+01
1.000000000000000000e+00 5.043063165551755489e+00 3.127590881906952447e+00 1.680000000000000071e+01
2.000000000000000000e+00 5.425209460670346040e+00 3.698230125693720005e+00 1.696000000000000085e+01
1.000000000000000000e+00 4.845863795289544917e+00 2.916911905120788351e+00 1.710000000000000142e+01
2.000000000000000000e+00 5.148542983162129438e+00 2.651453391108976820e+00 1.728000000000000114e+01
1.000000000000000000e+00 5.298567202135458842e+00 2.950032404889816107e+00 1.739999999999999858e+01
2.000000000000000000e+00 5.617634008953721114e+00 3.557902472909745040e+00 1.760000000000000142e+01
1.000000000000000000e+00 5.020372064290996583e+00 2.801006630223823013e+00 1.769999999999999929e+01
1.000000000000000000e+00 5.468747317758809956e+00 2.595586400211058464e+00 1.800000000000000000e+01
2.000000000000000000e+00 4.939122248379337776e+00 2.661094715714922732e+00 1.808000000000000185e+01
2.000000000000000000e+00 5.183524114768385260e+00 3.059415408596435793e+00 1.824000000000000199e+01
1.000000000000000000e+00 5.383160212364313857e+00 2.987642939649751916e+00 1.830000000000000071e+01
2.000000000000000000e+00 6.300978094264020335e+00 2.616943394733616479e+00 1.840000000000000213e+01
2.000000000000000000e+00 5.295405257754169703e+00 2.852331864547116957e+00 1.856000000000000227e+01
1.000000000000000000e+00 5.220603757705149839e+00 3.046414679446271645e+00 1.860000000000000142e+01
2.000000000000000000e+00 6.447882507735823943e+00 3.146082313395114127e+00 1.887999999999999901e+01
1.000000000000000000e+00 5.559625558826355451e+00 2.626929586980859099e+00 1.889999999999999858e+01
2.000000000000000000e+00 5.818691402412944136e+00 2.296695729699558264e+00 1.903999999999999915e+01
1.000000000000000000e+00 5.513750700135182647e+00 2.492068956801030577e+00 1.919999999999999929e+01
2.000000000000000000e+00 5.331359355273717071e+00 3.200785455265082735e+00 1.919999999999999929e+01
2.000000000000000000e+00 6.049704849943878138e+00 2.981214269706562447e+00 1.935999999999999943e+01
1.000000000000000000e+00 5.596428161993816097e+00 2.646987153581707553e+00 1.950000000000000000e+01
2.000000000000000000e+00 4.934573137944334498e+00 2.582928426006392719e+00 1.967999999999999972e+01
1.000000000000000000e+00 5.424587394228308490e+00 2.346635542468811231e+00 1.980000000000000071e+01
1.000000000000000000e+00 5.609831816053707954e+00 2.686291580880437735e+00 2.010000000000000142e+01
2.000000000000000000e+00 5.123012254518831021e+00 3.167100363434990129e+00 2.016000000000000014e+01
1.000000000000000000e+00 6.104428928612047223e+00 2.744551138906579091e+00 2.039999999999999858e+01
2.000000000000000000e+00 5.522641845406550232e+00 1.173019597209029818e+00 2.064000000000000057e+01
1.000000000000000000e+00 5.736141754253941016e+00 2.706522840054609969e+00 2.069999999999999929e+01
2.000000000000000000e+00 5.328621412430659454e+00 2.392228426740040881e+00 2.080000000000000071e+01
2.000000000000000000e+00 5.906087812168524742e+00 2.158236995285222726e+00 2.096000000000000085e+01
1.000000000000000000e+00 5.419183462511888649e+00 2.704479514625739878e+00 2.100000000000000000e+01
2.000000000000000000e+00 5.215403028675924091e+00 2.864561166847008344e+00 2.128000000000000114e+01
1.000000000000000000e+00 5.890265191876766337e+00 2.775511417451431928e+00 2.130000000000000071e+01
2.000000000000000000e+00 4.969408329996921836e+00 2.783480210013771661e+00 2.144000000000000128e+01
1.000000000000000000e+00 5.722015747061115931e+00 2.197643920273419482e+00 2.160000000000000142e+01
2.000000000000000000e+00 5.484103688595607373e+00 3.166249031142487347e+00 2.160000000000000142e+01
2.000000000000000000e+00 5.093658762702987453e+00 2.714788011074674934e+00 2.176000000000000156e+01
1.000000000000000000e+00 5.378553166238993377e+00 2.014537502178805006e+00 2.189999999999999858e+01
2.000000000000000000e+00 5.603699794397916989e+00 2.690431145941285518e+00 2.192000000000000171e+01
1.000000000000000000e+00 5.672640164428978338e+00 2.599891504979595869e+00 2.219999999999999929e+01
1.000000000000000000e+00 6.015277510032253083e+00 2.472882764997765381e+00 2.250000000000000000e+01
1.000000000000000000e+00 6.074925077638199333e+00 2.684654120288279877e+00 2.280000000000000071e+01
2.000000000000000000e+00 5.806582806608081349e+00 1.663532037136698172e+00 2.287999999999999901e+01
2.000000000000000000e+00 6.129445176827034381e+00 2.567436129748257301e+00 2.303999999999999915e+01
2.000000000000000000e+00 5.679699342889550806e+00 1.319705343886019566e+00 2.319999999999999929e+01
2.000000000000000000e+00 5.599523537377367965e+00 2.036303394600306405e+00 2.335999999999999943e+01
1.000000000000000000e+00 5.854556882048978395e+00 2.642260085251919133e+00 2.339999999999999858e+01
2.000000000000000000e+00 5.814515467380513059e+00 2.873867913414912323e+00 2.351999999999999957e+01
2.000000000000000000e+00 5.914513348734852016e+00 2.698519309004296485e+00 2.367999999999999972e+01
1.000000000000000000e+00 6.182591455823564175e+00 2.354062529385656077e+00 2.369999999999999929e+01
2.000000000000000000e+00 5.920417608893322026e+00 2.566561490643349597e+00 2.383999999999999986e+01
2.000000000000000000e+00 6.625457621999786717e+00 2.168788685915787884e+00 2.400000000000000000e+01
1.000000000000000000e+00 5.976782866943283423e+00 1.978900067159378828e+00 2.400000000000000000e+01
1.000000000000000000e+00 6.060436634603729722e+00 2.115549695045581657e+00 2.430000000000000071e+01
2.000000000000000000e+00 5.225478546127177992e+00 1.705209228075525996e+00 2.432000000000000028e+01
2.000000000000000000e+00 6.363538361464364357e+00 3.711682376222757984e+00 2.448000000000000043e+01
2.000000000000000000e+00 6.035673017085791514e+00 2.737310019164182595e+00 2.464000000000000057e+01
2.000000000000000000e+00 4.776598517971947011e+00 2.885816611393891673e+00 2.480000000000000071e+01
1.000000000000000000e+00 5.754328004649657657e+00 2.176094861937607927e+00 2.489999999999999858e+01
2.000000000000000000e+00 6.849447610885746052e+00 1.651838364910267476e+00 2.544000000000000128e+01
1.000000000000000000e+00 6.069762201848844185e+00 2.184678276030477928e+00 2.550000000000000000e+01
2.000000000000000000e+00 5.898973413000941690e+00 9.913084099937206073e-01 2.560000000000000142e+01
1.000000000000000000e+00 6.217587523437483554e+00 2.224812612118567401e+00 2.580000000000000071e+01
2.000000000000000000e+00 5.900956822883745900e+00 2.863255520760455752e+00 2.592000000000000171e+01
2.000000000000000000e+00 6.018817869442891322e+00 2.372378735563379859e+00 2.608000000000000185e+01
2.000000000000000000e+00 6.153293539222160824e+00 2.376462401624414245e+00 2.624000000000000199e+01
1.000000000000000000e+00 6.120338314596481588e+00 1.752697496400573929e+00 2.639999999999999858e+01
2.000000000000000000e+00 6.880673369232923164e+00 2.126383899163423852e+00 2.640000000000000213e+01
2.000000000000000000e+00 6.101420032092915058e+00 1.971139033410926666e+00 2.656000000000000227e+01
1.000000000000000000e+00 6.286960858448967571e+00 1.857575050788712545e+00 2.669999999999999929e+01
2.000000000000000000e+00 6.579239031014627592e+00 2.175368210327309981e+00 2.672000000000000242e+01
2.000000000000000000e+00 5.356569953756513236e+00 1.913397475117928348e+00 2.687999999999999901e+01
1.000000000000000000e+00 6.204622324066839667e+00 2.030831079412017459e+00 2.700000000000000000e+01
2.000000000000000000e+00 6.075569051564860601e+00 1.659203445718354875e+00 2.703999999999999915e+01
1.000000000000000000e+00 6.203771580005586372e+00 1.700641031683835180e+00 2.730000000000000071e+01
2.000000000000000000e+00 5.984010393238174075e+00 1.934567702631697639e+00 2.735999999999999943e+01
2.000000000000000000e+00 5.576091039822163253e+00 1.511740035241301516e+00 2.751999999999999957e+01
1.000000000000000000e+00 6.297569682336908947e+00 1.789022832377456851e+00 2.760000000000000142e+01
2.000000000000000000e+00 6.540679536669196992e+00 2.294191170771953114e+00 2.767999999999999972e+01
2.000000000000000000e+00 6.548206688633135819e+00 1.816996617702349326e+00 2.783999999999999986e+01
1.000000000000000000e+00 6.597054531367894548e+00 2.113217994187355231e+00 2.789999999999999858e+01
2.000000000000000000e+00 6.886245903693155590e+00 1.236170998151683964e+00 2.800000000000000000e+01
1.000000000000000000e+00 6.427515273157741404e+00 1.985630543315844765e+00 2.819999999999999929e+01
1.000000000000000000e+00 6.174435255385472665e+00 1.769165004377531103e+00 2.850000000000000000e+01
2.000000000000000000e+00 6.796189242057872448e+00 2.268158440186288427e+00 2.864000000000000057e+01
1.000000000000000000e+00 6.614234693060518033e+00 1.430844598727718298e+00 2.880000000000000071e+01
2.000000000000000000e+00 7.393214744726375187e+00 2.344153943342429436e+00 2.896000000000000085e+01
1.000000000000000000e+00 6.559523512702684300e+00 1.643968242436067539e+00 2.909999999999999787e+01
2.000000000000000000e+00 6.835727767498624097e+00 2.347301208478064005e+00 2.944000000000000128e+01
1.000000000000000000e+00 6.402176680832549316e+00 1.913296768422999561e+00 2.969999999999999929e+01
2.000000000000000000e+00 6.625014904902441160e+00 1.811845080762526816e+00 2.976000000000000156e+01
2.000000000000000000e+00 5.863504037524462476e+00 1.452637239324048535e+00 2.992000000000000171e+01
1.000000000000000000e+00 6.834647750605146399e+00 1.890966619691567097e+00 3.000000000000000000e+01
2.000000000000000000e+00 8.013239259880442944e+00 1.319081620093815133e+00 3.008000000000000185e+01
2.000000000000000000e+00 5.830518167140632535e+00 1.776858439492492003e+00 3.024000000000000199e+01
1.000000000000000000e+00 6.701393713779758343e+00 1.737443681832034237e+00 3.030000000000000071e+01
2.000000000000000000e+00 6.623279359478672745e+00 2.371518307378438273e+00 3.056000000000000227e+01
1.000000000000000000e+00 6.853832278087558905e+00 1.520595986379810194e+00 3.059999999999999787e+01
2.000000000000000000e+00 6.750181391609483939e+00 1.912130552898858360e+00 3.072000000000000242e+01
1.000000000000000000e+00 6.874362414516152597e+00 2.100020271592673016e+00 3.089999999999999858e+01
2.000000000000000000e+00 6.588697536025745372e+00 1.320544080581658397e+00 3.135999999999999943e+01
1.000000000000000000e+00 7.064195944416272077e+00 1.955228258726111390e+00 3.150000000000000000e+01
2.000000000000000000e+00 6.983203037092497567e+00 1.275167450423194904e+00 3.151999999999999957e+01
1.000000000000000000e+00 7.188360671951871339e+00 1.819634431997936730e+00 3.180000000000000071e+01
2.000000000000000000e+00 6.892916434229547029e+00 2.435943364685481782e+00 3.200000000000000000e+01
1.000000000000000000e+00 7.090025184928170354e+00 1.196421298651842102e+00 3.209999999999999432e+01
2.000000000000000000e+00 8.107714626047247464e+00 1.397613998657244005e+00 3.215999999999999659e+01
1.000000000000000000e+00 6.771702914867921308e+00 1.613157169621273868e+00 3.239999999999999858e+01
2.000000000000000000e+00 7.193992177125234200e+00 2.011127580030219075e+00 3.247999999999999687e+01
2.000000000000000000e+00 7.775888141976549761e+00 2.308406413993069783e+00 3.264000000000000057e+01
1.000000000000000000e+00 7.228070919067825173e+00 1.669971853783714710e+00 3.299999999999999289e+01
2.000000000000000000e+00 6.317093970111590906e+00 1.874923998560159788e+00 3.311999999999999744e+01
2.000000000000000000e+00 6.404892336117137042e+00 1.355019555379425533e+00 3.327999999999999403e+01
1.000000000000000000e+00 7.150907736481432408e+00 1.349524839530253262e+00 3.329999999999999716e+01
2.000000000000000000e+00 7.407198871081753566e+00 1.140077563389096937e+00 3.343999999999999773e+01
1.000000000000000000e+00 7.093557544215537192e+00 1.274176484069233783e+00 3.359999999999999432e+01
2.000000000000000000e+00 6.070766750871442241e+00 1.397214573779566260e+00 3.359999999999999432e+01
2.000000000000000000e+00 6.453280306149294709e+00 1.870996696905258938e+00 3.375999999999999801e+01
2.000000000000000000e+00 7.929356117583399310e+00 1.005471370134895626e+00 3.407999999999999829e+01
2.000000000000000000e+00 8.034688271491267741e+00 1.972127107221688824e+00 3.439999999999999858e+01
1.000000000000000000e+00 7.297308737450929783e+00 1.189764409657113164e+00 3.449999999999999289e+01
2.000000000000000000e+00 7.268343226103766597e+00 2.317625715539957554e+00 3.487999999999999545e+01
2.000000000000000000e+00 6.540224649786484434e+00 1.247063906434560776e+00 3.503999999999999915e+01
2.000000000000000000e+00 8.343760675818476358e+00 1.059191058973036670e+00 3.519999999999999574e+01
1.000000000000000000e+00 7.133092437842129208e+00 1.189840783877358366e+00 3.539999999999999858e+01
1.000000000000000000e+00 6.735790799073797963e+00 1.052149578962510601e+00 3.569999999999999574e+01
2.000000000000000000e+00 6.664736298265995451e+00 9.328087978995531770e-01 3.583999999999999631e+01
1.000000000000000000e+00 7.469593860841029276e+00 1.071089936064083536e+00 3.599999999999999289e+01
2.000000000000000000e+00 7.799997215533140071e+00 1.525871137991039239e+00 3.600000000000000000e+01
1.000000000000000000e+00 7.275028618618924803e+00 6.269222607270554803e-01 3.629999999999999716e+01
2.000000000000000000e+00 7.858584988438618524e+00 1.185909233240833416e+00 3.632000000000000028e+01
2.000000000000000000e+00 7.073867822149479956e+00 3.414974161546678877e-01 3.647999999999999687e+01
1.000000000000000000e+00 7.634743493973394024e+00 8.146059135533759710e-01 3.659999999999999432e+01
2.000000000000000000e+00 6.415813014370612244e+00 3.865799957607445325e-01 3.679999999999999716e+01
1.000000000000000000e+00 7.371721271888734606e+00 9.188455322051736207e-01 3.689999999999999858e+01
2.000000000000000000e+00 7.823927557426727297e+00 6.003018865481303257e-01 3.696000000000000085e+01
1.000000000000000000e+00 7.648509439673079946e+00 8.218372788105592353e-01 3.719999999999999574e+01
2.000000000000000000e+00 7.356146290853207148e+00 1.265277546693836630e+00 3.743999999999999773e+01
1.000000000000000000e+00 7.146787854236511528e+00 1.163116118507459440e+00 3.749999999999999289e+01
2.000000000000000000e+00 7.760625822429584986e+00 1.993305368532382937e+00 3.759999999999999432e+01
2.000000000000000000e+00 7.798852280412454263e+00 -4.313795361840030429e-01 3.775999999999999801e+01
2.000000000000000000e+00 7.550879823098980204e+00 1.114216973007417177e+00 3.791999999999999460e+01
1.000000000000000000e+00 7.792800355652321542e+00 4.470194729872978279e-01 3.809999999999999432e+01
2.000000000000000000e+00 6.661722654718174041e+00 5.024047231806632041e-01 3.823999999999999488e+01
1.000000000000000000e+00 7.635283892752015689e+00 7.603242907989014032e-01 3.839999999999999858e+01
