2.116564383480000089e+00 3.083632637120000020e+00 0.000000000000000000e+00
2.116564383480000089e+00 3.083632637120000020e+00 1.000000000000000056e-01
2.116564383480000089e+00 3.083632637120000020e+00 2.000000000000000111e-01
2.227486549500000024e+00 3.068219007010000166e+00 3.000000000000000444e-01
2.227486549500000024e+00 3.068219007010000166e+00 4.000000000000000222e-01
2.227486549500000024e+00 3.068219007010000166e+00 5.000000000000000000e-01
2.227486549500000024e+00 3.068219007010000166e+00 6.000000000000000888e-01
2.227486549500000024e+00 3.068219007010000166e+00 7.000000000000000666e-01
2.227486549500000024e+00 3.068219007010000166e+00 8.000000000000000444e-01
2.227486549500000024e+00 3.068219007010000166e+00 9.000000000000000222e-01
2.227486549500000024e+00 3.068219007010000166e+00 1.000000000000000000e+00
2.349226763189999900e+00 3.052958715890000008e+00 1.100000000000000089e+00
2.349226763189999900e+00 3.052958715890000008e+00 1.200000000000000178e+00
2.349226763189999900e+00 3.052958715890000008e+00 1.300000000000000044e+00
2.349226763189999900e+00 3.052958715890000008e+00 1.400000000000000133e+00
2.349226763189999900e+00 3.052958715890000008e+00 1.500000000000000000e+00
2.349226763189999900e+00 3.052958715890000008e+00 1.600000000000000089e+00
2.432740226900000025e+00 3.045994506250000011e+00 1.700000000000000178e+00
2.432740226900000025e+00 3.045994506250000011e+00 1.800000000000000044e+00
2.432740226900000025e+00 3.045994506250000011e+00 1.900000000000000133e+00
2.432740226900000025e+00 3.045994506250000011e+00 2.000000000000000000e+00
2.432740226900000025e+00 3.045994506250000011e+00 2.100000000000000089e+00
2.432740226900000025e+00 3.045994506250000011e+00 2.200000000000000178e+00
2.432740226900000025e+00 3.045994506250000011e+00 2.300000000000000266e+00
2.432740226900000025e+00 3.045994506250000011e+00 2.400000000000000355e+00
2.432740226900000025e+00 3.045994506250000011e+00 2.500000000000000000e+00
2.432740226900000025e+00 3.045994506250000011e+00 2.600000000000000089e+00
2.554705824840000083e+00 3.038129909599999845e+00 2.700000000000000178e+00
2.554705824840000083e+00 3.038129909599999845e+00 2.800000000000000266e+00
2.554705824840000083e+00 3.038129909599999845e+00 2.900000000000000355e+00
2.554705824840000083e+00 3.038129909599999845e+00 3.000000000000000000e+00
2.554705824840000083e+00 3.038129909599999845e+00 3.100000000000000089e+00
2.554705824840000083e+00 3.038129909599999845e+00 3.200000000000000178e+00
2.554705824840000083e+00 3.038129909599999845e+00 3.300000000000000266e+00
2.554705824840000083e+00 3.038129909599999845e+00 3.400000000000000355e+00
2.683522941450000143e+00 3.030615256839999994e+00 3.500000000000000000e+00
2.683522941450000143e+00 3.030615256839999994e+00 3.600000000000000089e+00
2.683522941450000143e+00 3.030615256839999994e+00 3.700000000000000178e+00
2.683522941450000143e+00 3.030615256839999994e+00 3.800000000000000266e+00
2.683522941450000143e+00 3.030615256839999994e+00 3.900000000000000355e+00
2.683522941450000143e+00 3.030615256839999994e+00 4.000000000000000000e+00
2.683522941450000143e+00 3.030615256839999994e+00 4.100000000000000533e+00
2.683522941450000143e+00 3.030615256839999994e+00 4.200000000000000178e+00
2.786465279190000199e+00 3.028428821829999951e+00 4.299999999999999822e+00
2.786465279190000199e+00 3.028428821829999951e+00 4.400000000000000355e+00
2.786465279190000199e+00 3.028428821829999951e+00 4.500000000000000000e+00
2.786465279190000199e+00 3.028428821829999951e+00 4.600000000000000533e+00
2.786465279190000199e+00 3.028428821829999951e+00 4.700000000000000178e+00
2.786465279190000199e+00 3.028428821829999951e+00 4.800000000000000711e+00
2.786465279190000199e+00 3.028428821829999951e+00 4.900000000000000355e+00
2.786465279190000199e+00 3.028428821829999951e+00 5.000000000000000000e+00
2.786465279190000199e+00 3.028428821829999951e+00 5.100000000000000533e+00
2.786465279190000199e+00 3.028428821829999951e+00 5.200000000000000178e+00
2.786465279190000199e+00 3.028428821829999951e+00 5.300000000000000711e+00
2.904990831520000150e+00 3.031055375000000218e+00 5.400000000000000355e+00
2.904990831520000150e+00 3.031055375000000218e+00 5.500000000000000000e+00
2.904990831520000150e+00 3.031055375000000218e+00 5.600000000000000533e+00
2.904990831520000150e+00 3.031055375000000218e+00 5.700000000000000178e+00
2.904990831520000150e+00 3.031055375000000218e+00 5.800000000000000711e+00
2.904990831520000150e+00 3.031055375000000218e+00 5.900000000000000355e+00
2.904990831520000150e+00 3.031055375000000218e+00 6.000000000000000000e+00
2.904990831520000150e+00 3.031055375000000218e+00 6.100000000000000533e+00
2.904990831520000150e+00 3.031055375000000218e+00 6.200000000000000178e+00
3.041563865680000145e+00 3.029303754219999867e+00 6.300000000000000711e+00
3.041563865680000145e+00 3.029303754219999867e+00 6.400000000000000355e+00
3.041563865680000145e+00 3.029303754219999867e+00 6.500000000000000000e+00
3.041563865680000145e+00 3.029303754219999867e+00 6.600000000000000533e+00
3.041563865680000145e+00 3.029303754219999867e+00 6.700000000000000178e+00
3.041563865680000145e+00 3.029303754219999867e+00 6.800000000000000711e+00
3.041563865680000145e+00 3.029303754219999867e+00 6.900000000000000355e+00
3.041563865680000145e+00 3.029303754219999867e+00 7.000000000000000000e+00
3.199839746159999887e+00 3.029627566649999881e+00 7.100000000000000533e+00
3.199839746159999887e+00 3.029627566649999881e+00 7.200000000000000178e+00
3.199839746159999887e+00 3.029627566649999881e+00 7.300000000000000711e+00
3.199839746159999887e+00 3.029627566649999881e+00 7.400000000000000355e+00
3.199839746159999887e+00 3.029627566649999881e+00 7.500000000000000000e+00
3.199839746159999887e+00 3.029627566649999881e+00 7.600000000000000533e+00
3.199839746159999887e+00 3.029627566649999881e+00 7.700000000000000178e+00
3.199839746159999887e+00 3.029627566649999881e+00 7.800000000000000711e+00
3.344912635060000028e+00 3.030946018359999883e+00 7.900000000000000355e+00
3.344912635060000028e+00 3.030946018359999883e+00 8.000000000000000000e+00
3.344912635060000028e+00 3.030946018359999883e+00 8.099999999999999645e+00
3.344912635060000028e+00 3.030946018359999883e+00 8.200000000000001066e+00
3.344912635060000028e+00 3.030946018359999883e+00 8.300000000000000711e+00
3.344912635060000028e+00 3.030946018359999883e+00 8.400000000000000355e+00
3.344912635060000028e+00 3.030946018359999883e+00 8.500000000000000000e+00
3.344912635060000028e+00 3.030946018359999883e+00 8.599999999999999645e+00
3.344912635060000028e+00 3.030946018359999883e+00 8.700000000000001066e+00
3.496870271510000183e+00 3.036226704809999788e+00 8.800000000000000711e+00
3.496870271510000183e+00 3.036226704809999788e+00 8.900000000000000355e+00
3.496870271510000183e+00 3.036226704809999788e+00 9.000000000000000000e+00
3.496870271510000183e+00 3.036226704809999788e+00 9.099999999999999645e+00
3.496870271510000183e+00 3.036226704809999788e+00 9.200000000000001066e+00
3.496870271510000183e+00 3.036226704809999788e+00 9.300000000000000711e+00
3.496870271510000183e+00 3.036226704809999788e+00 9.400000000000000355e+00
3.496870271510000183e+00 3.036226704809999788e+00 9.500000000000000000e+00
3.496870271510000183e+00 3.036226704809999788e+00 9.600000000000001421e+00
3.648868988089999821e+00 3.039245845289999970e+00 9.700000000000001066e+00
3.648868988089999821e+00 3.039245845289999970e+00 9.800000000000000711e+00
3.648868988089999821e+00 3.039245845289999970e+00 9.900000000000000355e+00
3.648868988089999821e+00 3.039245845289999970e+00 1.000000000000000000e+01
3.648868988089999821e+00 3.039245845289999970e+00 1.010000000000000142e+01
3.648868988089999821e+00 3.039245845289999970e+00 1.020000000000000107e+01
3.648868988089999821e+00 3.039245845289999970e+00 1.030000000000000071e+01
3.648868988089999821e+00 3.039245845289999970e+00 1.040000000000000036e+01
3.776492942359999994e+00 3.039818404870000101e+00 1.050000000000000000e+01
3.776492942359999994e+00 3.039818404870000101e+00 1.060000000000000142e+01
3.776492942359999994e+00 3.039818404870000101e+00 1.070000000000000107e+01
3.776492942359999994e+00 3.039818404870000101e+00 1.080000000000000071e+01
3.776492942359999994e+00 3.039818404870000101e+00 1.090000000000000036e+01
3.776492942359999994e+00 3.039818404870000101e+00 1.100000000000000000e+01
3.776492942359999994e+00 3.039818404870000101e+00 1.110000000000000142e+01
3.920300879090000024e+00 3.040511258290000018e+00 1.120000000000000107e+01
3.920300879090000024e+00 3.040511258290000018e+00 1.130000000000000071e+01
3.920300879090000024e+00 3.040511258290000018e+00 1.140000000000000036e+01
3.920300879090000024e+00 3.040511258290000018e+00 1.150000000000000000e+01
3.920300879090000024e+00 3.040511258290000018e+00 1.160000000000000142e+01
3.920300879090000024e+00 3.040511258290000018e+00 1.170000000000000107e+01
4.051585104679999993e+00 3.027298216839999778e+00 1.180000000000000071e+01
4.051585104679999993e+00 3.027298216839999778e+00 1.190000000000000036e+01
4.051585104679999993e+00 3.027298216839999778e+00 1.200000000000000000e+01
4.051585104679999993e+00 3.027298216839999778e+00 1.210000000000000142e+01
4.051585104679999993e+00 3.027298216839999778e+00 1.220000000000000107e+01
4.051585104679999993e+00 3.027298216839999778e+00 1.230000000000000071e+01
4.195694579839999605e+00 3.027878585929999922e+00 1.240000000000000036e+01
4.195694579839999605e+00 3.027878585929999922e+00 1.250000000000000000e+01
4.195694579839999605e+00 3.027878585929999922e+00 1.260000000000000142e+01
4.195694579839999605e+00 3.027878585929999922e+00 1.270000000000000107e+01
4.195694579839999605e+00 3.027878585929999922e+00 1.280000000000000071e+01
4.195694579839999605e+00 3.027878585929999922e+00 1.290000000000000036e+01
4.195694579839999605e+00 3.027878585929999922e+00 1.300000000000000000e+01
4.195694579839999605e+00 3.027878585929999922e+00 1.310000000000000142e+01
4.342103415949999601e+00 3.035145579689999984e+00 1.320000000000000107e+01
4.342103415949999601e+00 3.035145579689999984e+00 1.330000000000000071e+01
4.342103415949999601e+00 3.035145579689999984e+00 1.340000000000000036e+01
4.342103415949999601e+00 3.035145579689999984e+00 1.350000000000000000e+01
4.342103415949999601e+00 3.035145579689999984e+00 1.360000000000000142e+01
4.342103415949999601e+00 3.035145579689999984e+00 1.370000000000000107e+01
4.464919366430000203e+00 3.041220657999999855e+00 1.380000000000000071e+01
4.464919366430000203e+00 3.041220657999999855e+00 1.390000000000000036e+01
4.464919366430000203e+00 3.041220657999999855e+00 1.400000000000000000e+01
4.464919366430000203e+00 3.041220657999999855e+00 1.410000000000000142e+01
4.464919366430000203e+00 3.041220657999999855e+00 1.420000000000000107e+01
4.464919366430000203e+00 3.041220657999999855e+00 1.430000000000000071e+01
4.464919366430000203e+00 3.041220657999999855e+00 1.440000000000000036e+01
4.618472795339999770e+00 3.048624924959999927e+00 1.450000000000000000e+01
4.618472795339999770e+00 3.048624924959999927e+00 1.460000000000000142e+01
4.618472795339999770e+00 3.048624924959999927e+00 1.470000000000000107e+01
4.618472795339999770e+00 3.048624924959999927e+00 1.480000000000000071e+01
4.618472795339999770e+00 3.048624924959999927e+00 1.490000000000000036e+01
4.618472795339999770e+00 3.048624924959999927e+00 1.500000000000000000e+01
4.618472795339999770e+00 3.048624924959999927e+00 1.510000000000000142e+01
4.618472795339999770e+00 3.048624924959999927e+00 1.520000000000000107e+01
4.783712083310000196e+00 3.075600833439999793e+00 1.530000000000000071e+01
4.783712083310000196e+00 3.075600833439999793e+00 1.540000000000000036e+01
4.831636937589999903e+00 3.080541731669999894e+00 1.550000000000000000e+01
4.831636937589999903e+00 3.080541731669999894e+00 1.560000000000000142e+01
4.862249341170000072e+00 3.080267389059999861e+00 1.570000000000000107e+01
4.862249341170000072e+00 3.080267389059999861e+00 1.580000000000000071e+01
4.905503334369999635e+00 3.074734729689999835e+00 1.590000000000000036e+01
4.905503334369999635e+00 3.074734729689999835e+00 1.600000000000000000e+01
4.905503334369999635e+00 3.074734729689999835e+00 1.610000000000000142e+01
4.905503334369999635e+00 3.074734729689999835e+00 1.619999999999999929e+01
4.905503334369999635e+00 3.074734729689999835e+00 1.630000000000000071e+01
4.905503334369999635e+00 3.074734729689999835e+00 1.640000000000000213e+01
5.026403205030000265e+00 3.049704807529999950e+00 1.650000000000000000e+01
5.026403205030000265e+00 3.049704807529999950e+00 1.660000000000000142e+01
5.026403205030000265e+00 3.049704807529999950e+00 1.669999999999999929e+01
5.082249671529999624e+00 3.036049705619999983e+00 1.680000000000000071e+01
5.082249671529999624e+00 3.036049705619999983e+00 1.690000000000000213e+01
5.082249671529999624e+00 3.036049705619999983e+00 1.700000000000000000e+01
5.082249671529999624e+00 3.036049705619999983e+00 1.710000000000000142e+01
5.162639808559999821e+00 3.005785116200000218e+00 1.719999999999999929e+01
5.162639808559999821e+00 3.005785116200000218e+00 1.730000000000000071e+01
5.162639808559999821e+00 3.005785116200000218e+00 1.740000000000000213e+01
5.220335526000000392e+00 2.978239666729999957e+00 1.750000000000000000e+01
5.220335526000000392e+00 2.978239666729999957e+00 1.760000000000000142e+01
5.220335526000000392e+00 2.978239666729999957e+00 1.769999999999999929e+01
5.220335526000000392e+00 2.978239666729999957e+00 1.780000000000000071e+01
5.220335526000000392e+00 2.978239666729999957e+00 1.790000000000000213e+01
5.291633930649999762e+00 2.938997218639999964e+00 1.800000000000000000e+01
5.291633930649999762e+00 2.938997218639999964e+00 1.810000000000000142e+01
5.291633930649999762e+00 2.938997218639999964e+00 1.819999999999999929e+01
5.291633930649999762e+00 2.938997218639999964e+00 1.830000000000000071e+01
5.291633930649999762e+00 2.938997218639999964e+00 1.840000000000000213e+01
5.374122685739999739e+00 2.893335435130000022e+00 1.850000000000000000e+01
5.410649225350000258e+00 2.873787830369999963e+00 1.860000000000000142e+01
5.436786903119999792e+00 2.854017718800000214e+00 1.869999999999999929e+01
5.436786903119999792e+00 2.854017718800000214e+00 1.880000000000000071e+01
5.436786903119999792e+00 2.854017718800000214e+00 1.890000000000000213e+01
5.436786903119999792e+00 2.854017718800000214e+00 1.900000000000000000e+01
5.436786903119999792e+00 2.854017718800000214e+00 1.910000000000000142e+01
5.494399775899999838e+00 2.794849814890000061e+00 1.920000000000000284e+01
5.494399775899999838e+00 2.794849814890000061e+00 1.930000000000000071e+01
5.542845891339999831e+00 2.744563418499999852e+00 1.940000000000000213e+01
5.542845891339999831e+00 2.744563418499999852e+00 1.950000000000000000e+01
5.542845891339999831e+00 2.744563418499999852e+00 1.960000000000000142e+01
5.542845891339999831e+00 2.744563418499999852e+00 1.970000000000000284e+01
5.542845891339999831e+00 2.744563418499999852e+00 1.980000000000000071e+01
5.542845891339999831e+00 2.744563418499999852e+00 1.990000000000000213e+01
5.614366461110000373e+00 2.646154711769999945e+00 2.000000000000000000e+01
5.614366461110000373e+00 2.646154711769999945e+00 2.010000000000000142e+01
5.614366461110000373e+00 2.646154711769999945e+00 2.020000000000000284e+01
5.614366461110000373e+00 2.646154711769999945e+00 2.030000000000000071e+01
5.614366461110000373e+00 2.646154711769999945e+00 2.040000000000000213e+01
5.614366461110000373e+00 2.646154711769999945e+00 2.050000000000000000e+01
5.680742406470000283e+00 2.555730661730000186e+00 2.060000000000000142e+01
5.680742406470000283e+00 2.555730661730000186e+00 2.070000000000000284e+01
5.680742406470000283e+00 2.555730661730000186e+00 2.080000000000000071e+01
5.680742406470000283e+00 2.555730661730000186e+00 2.090000000000000213e+01
5.680742406470000283e+00 2.555730661730000186e+00 2.100000000000000000e+01
5.680742406470000283e+00 2.555730661730000186e+00 2.110000000000000142e+01
5.749446617580000307e+00 2.461541326829999932e+00 2.120000000000000284e+01
5.749446617580000307e+00 2.461541326829999932e+00 2.130000000000000071e+01
5.749446617580000307e+00 2.461541326829999932e+00 2.140000000000000213e+01
5.749446617580000307e+00 2.461541326829999932e+00 2.150000000000000000e+01
5.749446617580000307e+00 2.461541326829999932e+00 2.160000000000000142e+01
5.749446617580000307e+00 2.461541326829999932e+00 2.170000000000000284e+01
5.749446617580000307e+00 2.461541326829999932e+00 2.180000000000000071e+01
5.749446617580000307e+00 2.461541326829999932e+00 2.190000000000000213e+01
5.821373013069999658e+00 2.369027114840000170e+00 2.200000000000000000e+01
5.821373013069999658e+00 2.369027114840000170e+00 2.210000000000000142e+01
5.821373013069999658e+00 2.369027114840000170e+00 2.220000000000000284e+01
5.821373013069999658e+00 2.369027114840000170e+00 2.230000000000000071e+01
5.821373013069999658e+00 2.369027114840000170e+00 2.240000000000000213e+01
5.821373013069999658e+00 2.369027114840000170e+00 2.250000000000000000e+01
5.821373013069999658e+00 2.369027114840000170e+00 2.260000000000000142e+01
5.821373013069999658e+00 2.369027114840000170e+00 2.270000000000000284e+01
5.821373013069999658e+00 2.369027114840000170e+00 2.280000000000000071e+01
5.821373013069999658e+00 2.369027114840000170e+00 2.290000000000000213e+01
5.888868576690000189e+00 2.283829054779999979e+00 2.300000000000000000e+01
5.888868576690000189e+00 2.283829054779999979e+00 2.310000000000000142e+01
5.888868576690000189e+00 2.283829054779999979e+00 2.320000000000000284e+01
5.888868576690000189e+00 2.283829054779999979e+00 2.330000000000000071e+01
5.888868576690000189e+00 2.283829054779999979e+00 2.340000000000000213e+01
5.888868576690000189e+00 2.283829054779999979e+00 2.350000000000000000e+01
5.888868576690000189e+00 2.283829054779999979e+00 2.360000000000000142e+01
5.956193058460000245e+00 2.204954910680000157e+00 2.370000000000000284e+01
5.956193058460000245e+00 2.204954910680000157e+00 2.380000000000000071e+01
5.956193058460000245e+00 2.204954910680000157e+00 2.390000000000000213e+01
5.956193058460000245e+00 2.204954910680000157e+00 2.400000000000000000e+01
5.956193058460000245e+00 2.204954910680000157e+00 2.410000000000000142e+01
5.956193058460000245e+00 2.204954910680000157e+00 2.420000000000000284e+01
5.956193058460000245e+00 2.204954910680000157e+00 2.430000000000000071e+01
5.956193058460000245e+00 2.204954910680000157e+00 2.440000000000000213e+01
6.024065675290000144e+00 2.115583861370000207e+00 2.450000000000000000e+01
6.024065675290000144e+00 2.115583861370000207e+00 2.460000000000000142e+01
6.024065675290000144e+00 2.115583861370000207e+00 2.470000000000000284e+01
6.024065675290000144e+00 2.115583861370000207e+00 2.480000000000000071e+01
6.024065675290000144e+00 2.115583861370000207e+00 2.490000000000000213e+01
6.066496401130000216e+00 2.068788172910000167e+00 2.500000000000000000e+01
6.066496401130000216e+00 2.068788172910000167e+00 2.510000000000000142e+01
6.066496401130000216e+00 2.068788172910000167e+00 2.520000000000000284e+01
6.066496401130000216e+00 2.068788172910000167e+00 2.530000000000000071e+01
6.066496401130000216e+00 2.068788172910000167e+00 2.540000000000000213e+01
6.066496401130000216e+00 2.068788172910000167e+00 2.550000000000000000e+01
6.129153313079999776e+00 2.010493236939999928e+00 2.560000000000000142e+01
6.129153313079999776e+00 2.010493236939999928e+00 2.570000000000000284e+01
6.129153313079999776e+00 2.010493236939999928e+00 2.580000000000000071e+01
6.164858875240000202e+00 1.987972936560000070e+00 2.590000000000000213e+01
6.164858875240000202e+00 1.987972936560000070e+00 2.600000000000000000e+01
6.164858875240000202e+00 1.987972936560000070e+00 2.610000000000000142e+01
6.164858875240000202e+00 1.987972936560000070e+00 2.620000000000000284e+01
6.222512819660000360e+00 1.949174607970000084e+00 2.630000000000000071e+01
6.222512819660000360e+00 1.949174607970000084e+00 2.640000000000000213e+01
6.222512819660000360e+00 1.949174607970000084e+00 2.650000000000000000e+01
6.222512819660000360e+00 1.949174607970000084e+00 2.660000000000000142e+01
6.222512819660000360e+00 1.949174607970000084e+00 2.670000000000000284e+01
6.222512819660000360e+00 1.949174607970000084e+00 2.680000000000000071e+01
6.222512819660000360e+00 1.949174607970000084e+00 2.690000000000000213e+01
6.222512819660000360e+00 1.949174607970000084e+00 2.700000000000000000e+01
6.314684984520000377e+00 1.876879090349999890e+00 2.710000000000000142e+01
6.314684984520000377e+00 1.876879090349999890e+00 2.720000000000000284e+01
6.314684984520000377e+00 1.876879090349999890e+00 2.730000000000000071e+01
6.373566483010000283e+00 1.837028801770000053e+00 2.740000000000000213e+01
6.373566483010000283e+00 1.837028801770000053e+00 2.750000000000000000e+01
6.373566483010000283e+00 1.837028801770000053e+00 2.760000000000000142e+01
6.373566483010000283e+00 1.837028801770000053e+00 2.770000000000000284e+01
6.430874732280000394e+00 1.803140404719999923e+00 2.780000000000000071e+01
6.430874732280000394e+00 1.803140404719999923e+00 2.790000000000000213e+01
6.430874732280000394e+00 1.803140404719999923e+00 2.800000000000000000e+01
6.430874732280000394e+00 1.803140404719999923e+00 2.810000000000000142e+01
6.430874732280000394e+00 1.803140404719999923e+00 2.820000000000000284e+01
6.430874732280000394e+00 1.803140404719999923e+00 2.830000000000000071e+01
6.430874732280000394e+00 1.803140404719999923e+00 2.840000000000000213e+01
6.430874732280000394e+00 1.803140404719999923e+00 2.850000000000000000e+01
6.530606858589999675e+00 1.749011354320000100e+00 2.860000000000000142e+01
6.530606858589999675e+00 1.749011354320000100e+00 2.870000000000000284e+01
6.530606858589999675e+00 1.749011354320000100e+00 2.880000000000000071e+01
6.530606858589999675e+00 1.749011354320000100e+00 2.890000000000000213e+01
6.530606858589999675e+00 1.749011354320000100e+00 2.900000000000000000e+01
6.530606858589999675e+00 1.749011354320000100e+00 2.910000000000000142e+01
6.530606858589999675e+00 1.749011354320000100e+00 2.920000000000000284e+01
6.639599955059999559e+00 1.708945105289999988e+00 2.930000000000000071e+01
6.639599955059999559e+00 1.708945105289999988e+00 2.940000000000000213e+01
6.639599955059999559e+00 1.708945105289999988e+00 2.950000000000000000e+01
6.639599955059999559e+00 1.708945105289999988e+00 2.960000000000000142e+01
6.639599955059999559e+00 1.708945105289999988e+00 2.970000000000000284e+01
6.639599955059999559e+00 1.708945105289999988e+00 2.980000000000000071e+01
6.711723945140000147e+00 1.676326055769999934e+00 2.990000000000000213e+01
6.711723945140000147e+00 1.676326055769999934e+00 3.000000000000000000e+01
6.711723945140000147e+00 1.676326055769999934e+00 3.010000000000000142e+01
6.711723945140000147e+00 1.676326055769999934e+00 3.020000000000000284e+01
6.711723945140000147e+00 1.676326055769999934e+00 3.030000000000000071e+01
6.711723945140000147e+00 1.676326055769999934e+00 3.040000000000000213e+01
6.711723945140000147e+00 1.676326055769999934e+00 3.050000000000000000e+01
6.711723945140000147e+00 1.676326055769999934e+00 3.060000000000000142e+01
6.711723945140000147e+00 1.676326055769999934e+00 3.070000000000000284e+01
6.711723945140000147e+00 1.676326055769999934e+00 3.080000000000000071e+01
6.823985446030000013e+00 1.631291106619999987e+00 3.090000000000000213e+01
6.823985446030000013e+00 1.631291106619999987e+00 3.100000000000000000e+01
6.823985446030000013e+00 1.631291106619999987e+00 3.110000000000000142e+01
6.823985446030000013e+00 1.631291106619999987e+00 3.120000000000000284e+01
6.823985446030000013e+00 1.631291106619999987e+00 3.130000000000000071e+01
6.925096207540000215e+00 1.587462258219999978e+00 3.140000000000000213e+01
6.925096207540000215e+00 1.587462258219999978e+00 3.150000000000000000e+01
6.925096207540000215e+00 1.587462258219999978e+00 3.160000000000000142e+01
6.959793386270000326e+00 1.572899454160000099e+00 3.170000000000000284e+01
6.983337762509999713e+00 1.559275423020000106e+00 3.180000000000000071e+01
6.983337762509999713e+00 1.559275423020000106e+00 3.190000000000000213e+01
6.983337762509999713e+00 1.559275423020000106e+00 3.200000000000000000e+01
6.983337762509999713e+00 1.559275423020000106e+00 3.210000000000000142e+01
6.983337762509999713e+00 1.559275423020000106e+00 3.220000000000000284e+01
7.049039811220000118e+00 1.511726096549999898e+00 3.230000000000000426e+01
7.049039811220000118e+00 1.511726096549999898e+00 3.239999999999999858e+01
7.049039811220000118e+00 1.511726096549999898e+00 3.250000000000000000e+01
7.081671863949999590e+00 1.481447721449999921e+00 3.260000000000000142e+01
7.081671863949999590e+00 1.481447721449999921e+00 3.270000000000000284e+01
7.081671863949999590e+00 1.481447721449999921e+00 3.280000000000000426e+01
7.081671863949999590e+00 1.481447721449999921e+00 3.289999999999999858e+01
7.081671863949999590e+00 1.481447721449999921e+00 3.300000000000000000e+01
7.081671863949999590e+00 1.481447721449999921e+00 3.310000000000000142e+01
7.081671863949999590e+00 1.481447721449999921e+00 3.320000000000000284e+01
7.081671863949999590e+00 1.481447721449999921e+00 3.330000000000000426e+01
7.081671863949999590e+00 1.481447721449999921e+00 3.339999999999999858e+01
7.163945539280000219e+00 1.394578055860000054e+00 3.350000000000000000e+01
7.163945539280000219e+00 1.394578055860000054e+00 3.360000000000000142e+01
7.163945539280000219e+00 1.394578055860000054e+00 3.370000000000000284e+01
7.163945539280000219e+00 1.394578055860000054e+00 3.380000000000000426e+01
7.163945539280000219e+00 1.394578055860000054e+00 3.389999999999999858e+01
7.163945539280000219e+00 1.394578055860000054e+00 3.400000000000000000e+01
7.163945539280000219e+00 1.394578055860000054e+00 3.410000000000000142e+01
7.236859179859999713e+00 1.311399052789999908e+00 3.420000000000000284e+01
7.236859179859999713e+00 1.311399052789999908e+00 3.430000000000000426e+01
7.236859179859999713e+00 1.311399052789999908e+00 3.439999999999999858e+01
7.258951025220000020e+00 1.281245893799999980e+00 3.450000000000000000e+01
7.273554950710000355e+00 1.262932776520000022e+00 3.460000000000000142e+01
7.273554950710000355e+00 1.262932776520000022e+00 3.470000000000000284e+01
7.273554950710000355e+00 1.262932776520000022e+00 3.480000000000000426e+01
7.273554950710000355e+00 1.262932776520000022e+00 3.489999999999999858e+01
7.273554950710000355e+00 1.262932776520000022e+00 3.500000000000000000e+01
7.273554950710000355e+00 1.262932776520000022e+00 3.510000000000000142e+01
7.273554950710000355e+00 1.262932776520000022e+00 3.520000000000000284e+01
7.273554950710000355e+00 1.262932776520000022e+00 3.530000000000000426e+01
7.334954423840000182e+00 1.164242564750000097e+00 3.539999999999999858e+01
7.334954423840000182e+00 1.164242564750000097e+00 3.550000000000000000e+01
7.358141105139999638e+00 1.121891055250000102e+00 3.560000000000000142e+01
7.358141105139999638e+00 1.121891055250000102e+00 3.570000000000000284e+01
7.358141105139999638e+00 1.121891055250000102e+00 3.580000000000000426e+01
7.358141105139999638e+00 1.121891055250000102e+00 3.589999999999999858e+01
7.358141105139999638e+00 1.121891055250000102e+00 3.600000000000000000e+01
7.358141105139999638e+00 1.121891055250000102e+00 3.610000000000000142e+01
7.358141105139999638e+00 1.121891055250000102e+00 3.620000000000000284e+01
7.358141105139999638e+00 1.121891055250000102e+00 3.630000000000000426e+01
7.404238480060000072e+00 9.990203449210000031e-01 3.639999999999999858e+01
7.404238480060000072e+00 9.990203449210000031e-01 3.650000000000000000e+01
7.404238480060000072e+00 9.990203449210000031e-01 3.660000000000000142e+01
7.404238480060000072e+00 9.990203449210000031e-01 3.670000000000000284e+01
7.433476856989999604e+00 9.130615555140000339e-01 3.680000000000000426e+01
7.433476856989999604e+00 9.130615555140000339e-01 3.689999999999999858e+01
7.433476856989999604e+00 9.130615555140000339e-01 3.700000000000000000e+01
7.433476856989999604e+00 9.130615555140000339e-01 3.710000000000000142e+01
7.433476856989999604e+00 9.130615555140000339e-01 3.720000000000000284e+01
7.433476856989999604e+00 9.130615555140000339e-01 3.730000000000000426e+01
7.433476856989999604e+00 9.130615555140000339e-01 3.739999999999999858e+01
7.433476856989999604e+00 9.130615555140000339e-01 3.750000000000000000e+01
7.463513587709999619e+00 7.951935431450000147e-01 3.760000000000000142e+01
7.463513587709999619e+00 7.951935431450000147e-01 3.770000000000000284e+01
7.463513587709999619e+00 7.951935431450000147e-01 3.780000000000000426e+01
7.481505717400000144e+00 7.397882007089999767e-01 3.789999999999999858e+01
7.481505717400000144e+00 7.397882007089999767e-01 3.800000000000000000e+01
7.481505717400000144e+00 7.397882007089999767e-01 3.810000000000000142e+01
7.481505717400000144e+00 7.397882007089999767e-01 3.820000000000000284e+01
7.481505717400000144e+00 7.397882007089999767e-01 3.830000000000000426e+01
7.481505717400000144e+00 7.397882007089999767e-01 3.840000000000000568e+01
7.481505717400000144e+00 7.397882007089999767e-01 3.850000000000000000e+01
